248,41,339,41,339,59,248,59,FREE
246,67,384,67,384,85,246,85,ONLINE
395,67,584,67,584,85,395,85,TUTORIAL
64,86,216,86,216,110,64,110,Tutorials
248,92,293,92,293,103,248,103,from
300,91,340,91,340,103,300,103,IEEE
346,92,506,92,506,103,346,103,Communications
513,91,585,91,585,105,513,105,Society
248,108,584,108,584,121,248,121,www.comsoc.org/freetutorials
147,115,198,115,198,127,147,127,Now
249,132,303,132,303,142,249,142,FREE
310,132,400,132,400,143,310,143,ACCESS
416,137,443,137,443,147,416,147,Until
450,138,480,138,480,146,450,146,June
487,137,503,137,503,146,487,146,###
509,137,540,137,540,146,509,146,2010
249,147,272,147,272,152,249,152,FOR
276,147,283,147,283,152,276,152,###
288,147,335,147,335,153,288,153,LIMITED
339,147,367,147,367,152,339,152,TIME
371,147,400,147,400,153,371,153,ONLY
132,223,419,223,419,250,132,250,GENERALIZED
438,224,514,224,514,249,438,249,DFT
153,263,197,263,197,279,153,279,FOR
208,264,273,264,273,278,208,278,OFDM
283,263,497,263,497,280,283,280,COMMUNICATIONS
152,291,219,291,219,301,152,301,Presented
224,292,236,292,236,301,224,301,###
243,291,272,291,272,301,243,301,IEEE
279,291,359,291,359,301,279,301,GLOBECOM
366,291,401,291,401,301,366,301,2009
407,291,422,291,422,303,407,303,###
428,291,444,291,444,301,428,301,Ali
450,291,498,291,498,301,450,301,Akansu
180,598,226,598,226,612,180,612,Click
235,599,253,599,253,612,235,612,###
262,599,330,599,330,612,262,612,Access
339,599,381,599,381,612,339,612,Free
390,598,465,598,465,612,390,612,Tutorial
