79,18,113,18,113,29,79,29,IEEE
78,34,227,34,227,46,78,46,COMMUNICATIONS
78,50,147,50,147,63,78,63,SOCIETY
369,12,400,12,400,20,369,20,FREE
409,12,463,12,463,20,409,20,ACCESS
471,12,557,12,557,20,471,20,SPONSORED
566,12,581,12,581,20,566,20,###
504,60,581,60,581,74,504,74,CISCO.
36,82,51,82,51,91,36,91,For
49,82,70,82,70,90,49,90,other
76,82,110,82,110,94,76,94,sponsor
112,82,170,82,170,93,112,93,opportunities,
172,81,199,81,199,92,172,92,please
201,83,233,83,233,91,201,91,contact
235,82,250,82,250,92,235,92,Eric
253,82,283,82,283,92,253,92,Levine,
284,82,325,82,325,91,284,91,Associate
327,82,367,82,367,91,327,91,Publisher
369,82,399,82,399,92,369,92,Phone:
400,82,463,82,463,92,400,92,212-705-8920,
465,82,495,82,495,91,465,91,E-mail:
497,81,587,81,587,92,497,92,e_levine@comsoc.org
