67,13,231,13,231,36,67,36,stayFlorida.com
15,195,20,195,20,204,15,204,###
27,195,80,195,80,204,27,204,Bedroom
86,195,130,195,130,204,86,204,Condos
135,195,162,195,162,204,135,204,from
168,194,189,194,189,205,168,205,$59
196,197,229,197,229,206,196,206,(sleeps
234,197,242,197,242,205,234,205,###
15,213,20,213,20,222,15,222,###
27,213,80,213,80,222,27,222,Bedroom
86,213,130,213,130,222,86,222,Condos
135,212,162,212,162,222,135,222,from
168,212,189,212,189,223,168,223,$79
195,214,228,214,228,224,195,224,(sleeps
234,214,242,214,242,224,234,224,###
139,243,172,243,172,254,139,254,Book
179,247,207,247,207,254,179,254,now
214,245,226,245,226,253,214,253,###
