20,23,77,23,77,40,20,40,Other
85,23,175,23,175,40,85,40,Fantastic
184,23,246,23,246,40,184,40,Deals:
326,67,380,67,380,95,326,95,stay
384,65,513,65,513,88,384,88,Paris.com
36,220,91,220,91,233,36,233,Studios
97,220,132,220,132,233,97,233,from
140,221,169,221,169,233,140,233,€80
175,224,200,224,200,237,175,237,per
207,221,245,221,245,237,207,237,night
251,224,290,224,290,236,251,236,(sleeps
296,224,305,224,305,235,296,235,###
34,243,38,243,38,254,34,254,###
47,241,74,241,74,254,47,254,Bed
81,242,114,242,114,258,81,258,Apts
120,242,155,242,155,254,120,254,from
162,242,198,242,198,254,162,254,€129
205,245,230,245,230,258,205,258,per
236,242,275,242,275,258,236,258,night
281,245,320,245,320,256,281,256,(sleeps
325,245,335,245,335,257,325,257,###
34,264,41,264,41,276,34,276,###
50,264,78,264,78,276,50,276,Bed
85,264,118,264,118,279,85,279,Apts
124,264,159,264,159,276,124,276,from
167,264,201,264,201,276,167,276,€135
209,267,234,267,234,279,209,279,per
240,264,278,264,278,280,240,280,night
284,267,324,267,324,279,284,279,(sleeps
330,267,339,267,339,278,330,278,###
414,231,447,231,447,242,414,242,Book
454,235,482,235,482,242,454,242,now
490,233,503,233,503,241,490,241,###
