134,168,168,168,168,176,134,176,STOKKE
25,202,65,202,65,211,25,211,Stokke
67,203,76,203,76,211,67,211,###
81,202,117,202,117,214,81,214,Sleepi
132,202,183,202,183,214,132,214,Sleeping
120,202,127,202,127,206,120,206,###
26,219,46,219,46,231,26,231,Bag
53,225,55,225,55,225,53,225,###
62,219,87,219,87,228,62,228,Dots
93,219,118,219,118,228,93,228,Pink
124,219,156,219,156,228,124,228,90Cm
25,247,48,247,48,256,25,256,Was
55,247,94,247,94,256,55,256,£60.25
26,265,63,265,63,277,26,277,NOW
71,265,121,265,121,277,71,277,£19.99
150,252,166,252,166,259,150,259,50%
171,252,185,252,185,259,171,259,Off
