133,167,169,167,169,178,133,178,STOKKE
25,202,65,202,65,211,25,211,Stokke
67,203,76,203,76,211,67,211,###
81,202,119,202,119,214,81,214,Xplory
121,203,130,203,130,211,121,211,###
25,219,77,219,77,231,25,231,Carrycot
84,225,86,225,86,225,84,225,###
93,219,114,219,114,228,93,228,Red
25,247,48,247,48,257,25,257,Was
55,247,102,247,102,256,55,256,£116.97
150,252,166,252,166,259,150,259,50%
171,252,185,252,185,259,171,259,Off
26,265,63,265,63,277,26,277,NOW
71,265,121,265,121,277,71,277,£58.49
