155,61,273,61,273,109,155,109,Limited
284,85,361,85,361,109,284,109,Time
372,58,448,58,448,95,372,95,Offer
531,49,595,49,595,77,531,77,today's
522,71,622,71,622,100,522,100,bestsellers
97,209,116,209,116,225,97,225,###
119,208,132,208,132,216,119,216,###
186,268,205,268,205,284,186,284,###
209,268,220,268,220,275,209,275,###
270,205,289,205,289,223,270,223,###
293,206,305,206,305,213,293,213,###
354,258,376,258,376,276,354,276,###
379,258,390,258,390,266,379,266,###
454,212,475,212,475,229,454,229,###
478,212,490,212,490,220,478,220,###
560,253,582,253,582,269,560,269,###
584,253,596,253,596,260,584,260,###
564,235,590,235,590,249,564,249,vpxl
44,390,99,390,99,404,44,404,PayPal
119,393,138,393,138,400,119,400,VISA
308,358,363,358,363,402,308,402,###
374,362,415,362,415,393,374,393,###
427,358,523,358,523,393,427,393,70%
534,357,619,357,619,393,534,393,OFF
94,185,127,185,127,199,94,199,Cialis
181,247,216,247,216,262,181,262,VIAGRA
272,185,298,185,298,201,272,201,100
353,236,380,236,380,252,353,252,C20
