133,167,171,167,171,177,133,177,STOKKE
25,202,65,202,65,211,25,211,Stokke
67,203,76,203,76,211,67,211,###
81,202,119,202,119,214,81,214,Xplory
121,203,130,203,130,211,121,211,###
25,219,57,219,57,231,25,231,Carry
63,219,83,219,83,228,63,228,Cot
90,225,91,225,91,225,90,225,###
98,219,134,219,134,228,98,228,Green
25,247,48,247,48,256,25,256,Was
55,247,102,247,102,256,55,256,£122.97
150,252,166,252,166,259,150,259,50%
171,252,185,252,185,259,171,259,Off
26,265,63,265,63,277,26,277,NOW
71,265,121,265,121,277,71,277,£61.49
