233,7,513,7,513,37,233,37,stayAmsterdam.com
38,235,93,235,93,248,38,248,Studios
99,235,134,235,134,248,99,248,from
141,236,170,236,170,248,141,248,€59
177,239,202,239,202,252,177,252,per
208,236,247,236,247,252,208,252,night
253,240,286,240,286,250,253,250,(sleeps
291,241,299,241,299,249,291,249,###
37,260,52,260,52,272,37,272,###
57,260,68,260,68,269,57,269,###
73,260,98,260,98,269,73,269,30%
103,260,125,260,125,269,103,269,OFF
130,262,143,262,143,269,130,269,###
149,260,198,260,198,269,149,269,selected
203,260,275,260,275,272,203,272,apartments.
415,256,448,256,448,267,415,267,Book
455,259,483,259,483,267,455,267,now
491,258,504,258,504,266,491,266,###
