130,158,162,158,162,167,130,167,STOKKE
25,202,65,202,65,211,25,211,Stokke
67,203,76,203,76,211,67,211,###
81,202,119,202,119,214,81,214,Xplory
121,203,130,203,130,211,121,211,###
135,202,140,202,140,211,135,211,###
147,202,156,202,156,211,147,211,###
163,202,166,202,166,211,163,211,###
25,219,52,219,52,228,25,228,With
59,219,110,219,110,231,59,231,Carrycot
117,225,119,225,119,225,117,225,###
126,219,161,219,161,228,126,228,Green
168,219,196,219,196,231,168,231,Grey
25,247,48,247,48,257,25,257,Was
55,247,102,247,102,256,55,256,£663.97
150,252,166,252,166,259,150,259,50%
171,252,185,252,185,259,171,259,Off
26,265,63,265,63,277,26,277,NOW
71,265,131,265,131,277,71,277,£331.99
