33,443,110,443,110,459,33,459,CADILLAC
119,443,146,443,146,459,119,459,BLS
57,474,72,474,72,483,57,483,Our
77,474,94,474,94,485,77,485,Goal
99,477,116,477,116,483,99,483,was
120,474,128,474,128,483,120,483,###
132,474,160,474,160,483,132,483,create
163,474,177,474,177,483,163,483,the
180,474,206,474,206,483,180,483,finest
210,474,249,474,249,483,210,483,mid-size
253,474,309,474,309,485,253,485,performance
313,477,326,477,326,483,313,483,car
330,477,340,477,340,483,330,483,###
344,474,358,474,358,483,344,483,the
362,474,403,474,403,485,362,485,European
57,491,90,491,90,500,57,500,market.
95,491,110,491,110,500,95,500,The
114,491,139,491,139,500,114,500,result
144,491,149,491,149,500,144,500,###
153,494,158,494,158,500,153,500,###
162,494,176,494,176,500,162,500,car
180,494,189,494,189,500,180,500,###
194,490,239,490,239,502,194,502,intelligent
243,494,253,494,253,500,243,500,###
258,491,262,491,262,500,258,500,###
267,491,273,491,273,500,267,500,###
278,491,317,491,317,500,278,500,beautiful
325,491,341,491,341,500,325,500,BLS
345,494,364,494,364,500,345,500,uses
368,491,401,491,401,502,368,502,cutting
402,496,404,496,404,497,402,497,###
407,491,427,491,427,502,407,502,edge
57,509,105,509,105,520,57,520,technology
109,510,116,510,116,518,109,518,###
121,509,138,509,138,520,121,520,give
143,509,152,509,152,518,143,518,its
157,509,177,509,177,520,157,520,style
181,510,198,510,198,518,181,518,true
203,512,239,512,239,520,203,520,purpose:
244,509,257,509,257,518,244,518,the
262,509,299,509,299,520,262,520,dynamic
304,509,334,509,334,520,304,520,driving
339,509,354,509,354,518,339,518,and
359,512,398,512,398,520,359,520,generous
403,509,436,509,436,518,403,518,comfort
57,526,65,526,65,535,57,535,###
69,529,72,529,72,535,69,535,###
77,527,95,527,95,535,77,535,true
99,526,138,526,138,535,99,535,Cadillac.
57,564,77,564,77,573,57,573,Visit
81,564,95,564,95,573,81,573,the
99,564,137,564,137,573,99,573,Cadillac
141,564,167,564,167,573,141,573,Media
172,564,189,564,189,573,172,573,Site
193,564,205,564,205,573,193,573,for
209,567,231,567,231,573,209,573,more
234,564,276,564,276,573,234,573,technical
282,564,334,564,334,573,282,573,information
339,564,365,564,365,573,339,573,about
369,567,383,567,383,573,369,573,our
387,564,429,564,429,575,387,575,products.
516,443,589,443,589,459,516,459,CONTACT
