17,52,84,52,84,87,17,87,Eye
100,52,204,52,204,81,100,81,Track
219,52,303,52,303,81,219,81,Asia
16,94,69,94,69,106,16,106,Visual
79,94,131,94,131,106,79,106,media
140,94,277,94,277,107,140,107,communication
17,109,31,109,31,121,17,121,###
41,112,59,112,59,121,41,121,###
68,109,116,109,116,121,68,121,Asian
125,110,190,110,190,121,125,121,context
17,143,48,143,48,153,17,153,Hong
55,144,89,144,89,153,55,153,Kong,
98,143,146,143,146,154,98,154,January
150,143,172,143,172,152,150,152,4-5,
179,143,205,143,205,151,179,151,2011
