227,45,372,45,372,64,227,64,ONLINE
383,45,581,45,581,64,383,64,TUTORIAL
229,71,277,71,277,82,229,82,from
284,70,325,70,325,82,284,82,IEEE
332,71,499,71,499,82,332,82,Communications
506,71,581,71,581,85,506,85,Society
229,88,580,88,580,101,229,101,www.comsoc.org/freetutorials
431,111,484,111,484,121,431,121,FREE
492,111,580,111,580,121,492,121,ACCESS
431,125,453,125,453,131,431,131,FOR
458,125,465,125,465,131,458,131,###
469,125,516,125,516,131,469,131,LIMITED
520,125,547,125,547,131,520,131,TIME
552,125,582,125,582,131,552,131,ONLY
107,66,171,66,171,81,107,81,FREE
57,84,207,84,207,108,57,108,Tutorials
140,113,190,113,190,125,140,125,Now
