64,99,216,99,216,123,64,123,Tutorials
148,128,199,128,199,140,148,140,Now
247,57,333,57,333,74,247,74,FREE
247,80,385,80,385,99,247,99,ONLINE
396,80,585,80,585,99,396,99,TUTORIAL
248,105,294,105,294,116,248,116,from
301,105,340,105,340,116,301,116,IEEE
347,105,507,105,507,116,347,116,Communications
513,105,585,105,585,118,513,118,Society
249,121,584,121,584,134,249,134,www.comsoc.org/freetutorials
435,145,489,145,489,155,435,155,FREE
496,145,586,145,586,155,496,155,ACCESS
435,161,457,161,457,166,435,166,FOR
462,161,469,161,469,166,462,166,###
474,161,520,161,520,166,474,166,LIMITED
525,161,552,161,552,166,525,166,TIME
557,161,587,161,587,166,557,166,ONLY
67,259,561,259,561,426,67,426,IPv6
87,484,508,484,508,518,87,518,TRANSITION
285,525,339,525,339,533,285,533,Presented
345,525,357,525,357,534,345,534,###
362,525,389,525,389,532,362,532,Chris
396,525,423,525,423,533,396,533,Metz,
429,525,458,525,458,533,429,533,Cisco
463,525,508,525,508,534,463,534,Systems
167,598,213,598,213,612,167,612,Click
222,599,241,599,241,612,222,612,###
249,599,317,599,317,612,249,612,Access
326,599,368,599,368,612,326,612,Free
377,598,452,598,452,612,377,612,Tutorial
