232,7,511,7,511,37,232,37,StayAmsterdam.com
35,163,91,163,91,175,35,175,Studios
97,163,132,163,132,175,97,175,from
140,163,168,163,168,175,140,175,€59
176,166,200,166,200,179,176,179,per
207,163,245,163,245,179,207,179,night
251,166,290,166,290,178,251,178,(sleeps
296,166,305,166,305,177,296,177,###
34,184,41,184,41,196,34,196,###
50,184,78,184,78,196,50,196,Bed
85,184,118,184,118,200,85,200,Apts
124,184,159,184,159,196,124,196,from
167,184,198,184,198,196,167,196,€119
205,187,230,187,230,200,205,200,per
236,184,275,184,275,200,236,200,night
281,187,320,187,320,199,281,199,(sleeps
326,187,335,187,335,198,326,198,###
414,173,447,173,447,184,414,184,Book
454,176,482,176,482,184,454,184,now
490,175,503,175,503,183,490,183,###
