34,15,88,15,88,42,34,42,stay
92,12,221,12,221,36,92,36,Paris.com
117,309,178,309,178,323,117,323,Studios
354,310,358,310,358,323,354,323,###
367,309,398,309,398,323,367,323,Bed
405,309,442,309,442,327,405,327,Apts
95,345,133,345,133,359,95,359,from
141,338,193,338,193,360,141,360,€80
345,345,383,345,383,359,345,359,from
391,338,445,338,445,360,391,360,€115
79,371,102,371,102,382,79,382,per
108,367,144,367,144,383,108,383,night
150,368,198,368,198,383,150,383,(sleeps
204,368,216,368,216,381,204,381,###
332,371,355,371,355,382,332,382,per
361,367,397,367,397,382,361,382,night
403,367,451,367,451,382,403,382,(sleeps
457,368,469,368,469,381,457,381,###
121,421,148,421,148,433,121,433,Get
153,421,181,421,181,433,153,433,10%
189,420,208,420,208,433,189,433,off
214,420,230,420,230,433,214,433,all
237,422,275,422,275,437,237,437,stays
105,467,123,467,123,479,105,479,###
131,463,161,463,161,475,131,475,until
168,463,216,463,216,475,168,475,March
223,463,252,463,252,475,223,475,31st
258,463,295,463,295,475,258,475,2010
418,424,481,424,481,445,418,445,Book
418,449,475,449,475,469,418,469,Now
484,458,499,458,499,468,484,468,###
308,505,392,505,392,517,308,517,RECEPTION
399,505,433,505,433,517,399,517,24/7
473,506,489,506,489,516,473,516,###
499,506,511,506,511,516,499,516,###
