87,13,174,13,174,29,87,29,A400M
15,45,248,45,248,98,15,98,F1RST
284,48,462,48,462,64,284,64,SUCCESSFULLY
275,71,472,71,472,97,275,97,COMPLETED
39,109,224,109,224,121,39,121,FLIGHT
15,133,59,133,59,141,15,141,WATCH
65,134,89,134,89,141,65,141,THE
95,133,137,133,137,141,95,141,PHOTO
143,134,168,134,168,141,143,141,AND
174,133,211,133,211,141,174,141,VIDEO
218,133,294,133,294,141,218,141,HIGHLIGHTS
15,147,29,147,29,155,15,155,###
34,147,60,147,60,156,34,156,THIS
65,147,131,147,131,156,65,156,MILESTONE
136,147,171,147,171,155,136,155,EVENT
364,147,387,147,387,154,364,154,Visit
391,147,408,147,408,154,391,154,the
413,146,449,146,449,154,413,154,webite
