35,14,239,14,239,32,35,32,careers.computer.org
10,53,116,53,116,67,10,67,EMPLOYERS
10,76,53,76,53,85,10,85,REACH
60,76,95,76,95,85,60,85,OVER
101,76,149,76,149,87,101,87,125,000
9,92,81,92,81,101,9,101,COMPUTER
10,108,113,108,113,117,10,117,PROFESSIONALS
85,142,120,142,120,155,85,155,JOB
129,142,201,142,201,155,129,155,SEEKERS
87,165,126,165,126,174,87,174,APPLY
132,165,147,165,147,174,132,174,###
154,165,189,165,189,175,154,175,JOBS,
88,181,118,181,118,190,88,190,POST
124,181,159,181,159,190,124,190,YOUR
166,181,218,181,218,192,166,192,RESUME,
87,197,115,197,115,206,87,206,AND
122,197,140,197,140,206,122,206,SET
146,197,160,197,160,206,146,206,###
167,197,191,197,191,206,167,206,JOB
197,197,240,197,240,206,197,206,ALERTS
29,229,49,229,49,240,29,240,###
55,230,67,230,67,240,55,240,###
74,228,95,228,95,240,74,240,the
102,229,149,229,149,240,102,240,Career
155,229,201,229,201,240,155,240,Center
