97,22,139,22,139,43,97,43,stay
142,22,250,22,250,38,142,38,Rome.com
35,201,37,201,37,210,35,210,###
44,200,65,200,65,210,44,210,Bed
71,201,96,201,96,213,71,213,Apts
105,201,132,201,132,210,105,210,from
138,201,161,201,161,210,138,210,€79
167,201,206,201,206,213,167,213,(sleeps
212,201,221,201,221,212,212,212,###
35,220,40,220,40,229,35,229,###
47,220,68,220,68,229,47,229,Bed
73,220,99,220,99,232,73,232,Apts
108,220,135,220,135,229,108,229,from
140,220,164,220,164,229,140,229,€89
170,220,209,220,209,232,170,232,(sleeps
215,220,225,220,225,231,215,231,###
157,250,191,250,191,261,157,261,Book
197,254,225,254,225,261,197,261,now
232,252,245,252,245,260,232,260,###
