13,24,38,24,38,36,13,36,###
51,22,96,22,96,36,51,36,LCD
110,24,138,24,138,35,110,35,23"
153,22,232,22,232,36,153,36,2333HD
58,43,95,43,95,55,58,55,TDT
104,44,153,44,153,55,104,55,FULL
162,43,188,43,188,55,162,55,###
18,114,42,114,42,123,18,123,23"
110,82,132,82,132,96,110,96,Full
134,87,148,87,148,95,134,95,###
115,106,145,106,145,116,115,116,1080p
162,78,194,78,194,94,162,94,###
163,102,171,102,171,116,163,116,###
25,166,100,166,100,175,25,175,SAMSUNG
143,167,238,167,238,207,143,207,219€
157,200,173,200,173,208,157,208,IVA
178,204,215,204,215,215,178,215,incluido
15,218,41,218,41,226,15,226,cod.
43,218,80,218,80,226,43,226,43216
