268,49,364,49,364,69,268,69,FREE
376,49,569,49,569,69,376,69,WEBINAR
268,78,306,78,306,89,268,89,from
315,78,349,78,349,89,315,89,IEEE
358,77,499,77,499,89,358,89,Communications
508,77,567,77,567,91,508,91,Society
269,101,570,101,570,120,269,120,www.comsoc.org/webinar
140,48,198,48,198,69,140,69,Live
74,76,245,76,245,107,74,107,WEBiNAR
72,48,90,48,90,57,72,57,IEEE
96,48,132,48,132,73,96,73,COMSOC
224,144,289,144,289,157,224,157,TUESDAY,
296,143,330,143,330,156,296,156,JUNE
337,144,356,144,356,156,337,156,22,
364,144,394,144,394,155,364,155,2010
60,165,96,165,96,178,60,178,11:00
102,166,122,166,122,177,102,177,###
129,166,183,166,183,179,129,179,Eastern,
190,165,218,165,218,178,190,178,8:00
224,166,244,166,244,177,224,177,###
251,165,299,165,299,179,251,179,Pacific,
307,166,334,166,334,177,307,177,4:00
341,166,360,166,360,177,341,177,###
368,166,389,166,389,180,368,180,UK,
401,166,428,166,428,177,401,177,5:00
435,166,455,166,455,177,435,177,###
461,166,515,166,515,177,461,177,Western
523,166,567,166,567,180,523,180,Europe
62,195,220,195,220,218,62,218,FUTURE
62,224,247,224,247,242,62,242,TACTICAL
256,224,430,224,430,242,256,242,MILITARY
64,249,301,249,301,262,64,262,COMMUNICATIONS
312,249,431,249,431,263,312,263,SYSTEMS
84,303,105,303,105,312,84,312,###
115,300,196,300,196,317,115,317,Register
