136,23,186,23,186,72,136,72,MustGo!
26,202,80,202,80,214,26,214,BabyBjorn
82,202,122,202,122,214,82,214,Baby
127,202,170,202,170,211,127,211,Carrier
25,219,72,219,72,231,25,231,Original
79,219,110,219,110,231,79,231,Spirit
117,225,119,225,119,225,117,225,###
126,219,151,219,151,228,126,228,Blue
157,219,187,219,187,228,157,228,Moon
25,247,48,247,48,257,25,257,Was
55,247,95,247,95,257,55,257,£47.97
26,265,63,265,63,277,26,277,NOW
71,265,121,265,121,277,71,277,£23.99
150,252,166,252,166,259,150,259,50%
171,252,185,252,185,259,171,259,Off
