26,9,131,9,131,31,26,31,Upcoming
140,10,203,10,203,26,140,26,Events
212,9,228,9,228,26,212,26,###
237,9,360,9,360,26,237,26,Manchester
37,54,75,54,75,66,37,66,June
82,53,89,53,89,66,82,66,###
98,61,103,61,103,62,98,62,###
110,54,118,54,118,66,110,66,###
188,54,226,54,226,66,188,66,June
233,54,241,54,241,66,233,66,###
249,61,254,61,254,62,249,62,###
261,54,278,54,278,66,261,66,###
362,54,400,54,400,66,362,66,June
407,53,422,53,422,66,407,66,###
38,74,73,74,73,91,38,91,Lady
79,75,121,75,121,91,79,91,Gaga
189,75,238,75,238,91,189,91,Cirque
244,75,262,75,262,87,244,87,###
269,75,308,75,308,87,269,87,Soleil
363,75,422,75,422,87,363,87,Britain's
430,75,456,75,456,87,430,87,Got
462,75,510,75,510,87,462,87,Talent
38,95,64,95,64,104,38,104,MEN
69,95,108,95,108,106,69,106,Arena,
189,95,215,95,215,104,189,104,MEN
220,95,259,95,259,106,220,106,Arena,
363,95,389,95,389,104,363,104,MEN
394,95,433,95,433,106,394,106,Arena,
38,112,108,112,108,121,38,121,Manchester
189,112,260,112,260,121,189,121,Manchester
363,112,434,112,434,121,363,121,Manchester
39,139,55,139,55,150,39,150,###
191,138,207,138,207,150,191,150,###
364,138,380,138,380,148,364,148,###
214,177,245,177,245,193,214,193,For
252,177,306,177,306,193,252,193,More
314,177,378,177,378,193,314,193,Events
409,179,445,179,445,192,409,192,Click
452,180,490,180,490,192,452,192,Here
500,183,513,183,513,191,500,191,###
