233,6,513,6,513,36,233,36,stayAmsterdam.com
38,175,93,175,93,187,38,187,Studios
99,175,134,175,134,187,99,187,from
141,175,170,175,170,187,141,187,€59
178,179,202,179,202,191,178,191,per
208,175,247,175,247,191,208,191,night
252,179,286,179,286,189,252,189,(sleeps
291,179,299,179,299,188,291,188,###
37,199,52,199,52,211,37,211,###
57,199,68,199,68,208,57,208,###
74,199,97,199,97,208,74,208,30%
104,199,124,199,124,209,104,209,OFF
130,201,143,201,143,208,130,208,###
149,199,198,199,198,208,149,208,selected
203,199,275,199,275,211,203,211,apartments.
415,186,448,186,448,196,415,196,Book
455,189,483,189,483,196,455,196,now
491,187,504,187,504,195,491,195,###
