15,17,77,17,77,28,15,28,Networks
83,17,100,17,100,28,83,28,for
106,17,153,17,153,31,106,31,Today's
160,17,218,17,218,28,160,28,Business
15,38,36,38,36,46,15,46,First
41,38,72,38,72,47,41,47,choice
78,38,90,38,90,46,78,46,for
95,38,120,38,120,49,95,49,large
15,54,72,54,72,65,15,65,enterprises
77,54,128,54,128,62,77,62,worldwide
134,59,142,59,142,59,134,59,###
15,70,47,70,47,79,15,79,H3C®,
52,70,91,70,91,78,52,78,3Com®
96,70,112,70,112,78,96,78,and
14,86,50,86,50,97,14,97,Tipping
53,86,87,86,87,94,53,94,Point®
15,102,70,102,70,113,15,113,networking
76,102,127,102,127,110,76,110,solutions.
161,98,188,98,188,106,161,106,Watch
193,98,216,98,216,106,193,106,video
