15,17,57,17,57,30,15,30,New
64,16,146,16,146,30,64,30,releases
153,20,175,20,175,30,153,30,###
183,17,224,17,224,30,183,30,DVD
20,47,27,47,27,55,20,55,###
35,47,49,47,49,57,35,57,###
19,65,27,65,27,73,19,73,###
36,65,56,65,56,73,36,73,Star
60,65,83,65,83,73,60,73,Trek
19,83,27,83,27,91,19,91,###
34,83,70,83,70,93,34,93,Angels
75,83,81,83,81,91,75,91,###
87,83,129,83,129,91,87,91,Demons
18,101,27,101,27,109,18,109,###
35,101,53,101,53,109,35,109,G.I.
57,101,77,101,77,109,57,109,Joe:
82,101,101,101,101,109,82,109,The
106,101,127,101,127,109,106,109,Rise
132,101,142,101,142,109,132,109,###
145,101,175,101,175,109,145,109,Cobra
19,119,27,119,27,127,19,127,###
35,119,54,119,54,127,35,127,The
60,119,82,119,82,129,60,129,Ugly
86,119,112,119,112,127,86,127,Truth
19,137,27,137,27,145,19,145,###
35,137,107,137,107,145,35,145,Transformers:
113,137,159,137,159,147,113,147,Revenge
35,149,44,149,44,157,35,157,###
48,149,64,149,64,157,48,157,the
69,149,99,149,99,157,69,157,Fallen
19,167,27,167,27,175,19,175,###
36,167,83,167,83,175,36,175,Monsters
88,169,101,169,101,175,88,175,vs.
106,167,137,167,137,175,106,175,Aliens
19,185,27,185,27,193,19,193,###
35,185,54,185,54,193,35,193,The
60,185,104,185,104,195,60,195,Proposal
19,203,27,203,27,211,19,211,###
36,203,50,203,50,211,36,211,Ice
54,203,77,203,77,213,54,213,Age:
83,203,111,203,111,211,83,211,Dawn
116,203,125,203,125,211,116,211,###
35,215,50,215,50,223,35,223,the
56,215,108,215,108,223,56,223,Dinosaurs
16,233,30,233,30,241,16,241,10.
35,233,69,233,69,241,35,241,X-Men
74,233,113,233,113,243,74,243,Origins:
35,245,87,245,87,253,35,253,Wolverine
171,193,205,193,205,211,171,211,STAR
209,196,237,196,237,213,209,213,TREK
203,48,259,48,259,66,203,66,###
211,105,229,105,229,116,211,116,the
228,108,256,108,256,122,228,122,ugly
256,112,280,112,280,124,256,124,truth
