39,28,282,28,282,58,39,58,stayLiverpool.com
107,326,111,326,111,338,107,338,###
120,326,151,326,151,339,120,339,Bed
158,326,195,326,195,343,158,343,Apts
357,326,365,326,365,339,357,339,###
374,326,405,326,405,339,374,339,Bed
412,326,448,326,448,343,412,343,Apts
100,361,139,361,139,375,100,375,from
147,354,196,354,196,376,147,376,£55
353,361,391,361,391,375,353,375,from
399,355,447,355,447,376,399,376,£65
85,387,108,387,108,398,85,398,per
114,383,150,383,150,399,114,399,night
156,383,204,383,204,398,156,398,(sleeps
210,384,222,384,222,398,210,398,###
337,387,360,387,360,398,337,398,per
366,383,402,383,402,399,366,399,night
408,383,456,383,456,399,408,399,(sleeps
463,384,474,384,474,397,463,397,###
42,431,126,431,126,443,42,443,RECEPTION
133,431,167,431,167,443,133,443,24/7
196,432,227,432,227,442,196,442,SKY
236,432,303,432,303,442,236,442,SPORTS
337,432,376,432,376,442,337,442,WiFi
417,432,449,432,449,442,417,442,Book
457,434,485,434,485,442,457,442,now
493,433,506,433,506,441,493,441,###
