27,15,132,15,132,37,27,37,Upcoming
141,16,204,16,204,32,141,32,Events
213,15,229,15,229,32,213,32,###
239,15,303,15,303,32,239,32,Dublin
39,55,103,55,103,72,39,72,March
112,56,131,56,131,72,112,72,###
206,54,270,54,270,71,206,71,March
279,55,306,55,306,71,279,71,###
374,52,438,52,438,69,374,69,March
447,53,466,53,466,69,447,69,###
39,80,52,80,52,89,39,89,St.
58,79,103,79,103,89,58,89,Patricks
109,79,154,79,154,91,109,91,Festival,
206,79,246,79,246,88,206,88,Ireland
251,80,264,80,264,88,251,88,###
270,79,324,79,324,90,270,90,Scotland,
374,77,389,77,389,86,374,86,###
393,77,420,77,420,86,393,86,Cent
39,95,75,95,75,105,39,105,Dublin
206,94,239,94,239,104,206,104,Croke
245,95,271,95,271,104,245,104,Park
373,93,389,93,389,102,373,102,###
395,93,434,93,434,104,395,104,Arena,
440,93,477,93,477,102,440,102,Dublin
38,114,54,114,54,126,38,126,###
206,115,222,115,222,125,206,125,###
375,114,391,114,391,126,375,126,###
58,151,89,151,89,167,58,167,For
96,151,150,151,150,167,96,167,More
158,150,277,150,277,168,158,168,Information
286,155,310,155,310,167,286,167,###
319,151,383,151,383,167,319,167,Events
410,152,448,152,448,166,410,166,Click
454,154,492,154,492,166,454,166,Here
502,157,515,157,515,165,502,165,###
