136,23,163,23,163,51,136,51,Must
165,52,186,52,186,72,165,72,Go!
26,202,64,202,64,211,26,211,Falcon
71,202,112,202,112,214,71,214,Hopper
121,202,159,202,159,211,121,211,Unisex
26,219,50,219,50,228,26,228,Bike
57,225,59,225,59,225,57,225,###
65,219,101,219,101,228,65,228,White
108,219,124,219,124,228,108,228,12"
25,247,48,247,48,256,25,256,Was
55,247,95,247,95,256,55,256,£57.97
26,265,63,265,63,277,26,277,NOW
71,265,121,265,121,277,71,277,£28.99
150,252,166,252,166,259,150,259,50%
171,252,185,252,185,259,171,259,Off
