19,22,60,22,60,31,19,31,Podcast
66,22,115,22,115,31,66,31,interview
18,36,39,36,39,45,18,45,with
45,36,64,36,64,45,45,45,Ron
70,36,98,36,98,48,70,48,Sege,
18,51,43,51,43,59,18,59,3Com
49,51,92,51,92,59,49,59,President
97,51,113,51,113,59,97,59,and
118,51,136,51,136,59,118,59,COO
19,69,82,69,82,83,19,83,Extending
89,69,123,69,123,80,89,80,Value
130,70,140,70,140,79,130,79,###
19,85,54,85,54,99,19,99,Large
62,85,138,85,138,99,62,99,Enterprises
19,110,45,110,45,118,19,118,Listen
50,113,68,113,68,118,50,118,now
