14,25,36,25,36,35,14,35,The
41,25,87,25,87,35,41,35,Twelfth
94,25,138,25,138,35,94,35,IASTED
144,25,225,25,225,35,144,35,International
231,25,303,25,303,35,231,35,Conference
16,74,131,74,131,114,16,114,Signal
145,74,215,74,215,105,145,105,and
231,76,348,76,348,114,231,114,Image
17,125,219,125,219,164,17,164,Processing
16,243,58,243,58,255,16,255,August
63,243,75,243,75,252,63,252,###
81,249,86,249,86,249,81,249,###
91,244,107,244,107,253,91,253,25,
112,244,140,244,140,252,112,252,2010
17,263,48,263,48,273,17,273,Maui,
53,263,95,263,95,274,53,274,Hawaii,
101,263,124,263,124,272,101,272,USA
232,315,269,315,269,348,232,348,CALL
265,283,298,283,298,315,265,315,FOR
294,227,352,227,352,286,294,286,PAPERS!
