134,168,168,168,168,176,134,176,STOKKE
25,202,65,202,65,211,25,211,Stokke
67,203,76,203,76,211,67,211,###
82,202,126,202,126,214,82,214,lzisleep
142,202,155,202,155,214,142,214,###
128,202,137,202,137,207,128,207,###
26,219,65,219,65,228,26,228,Besafe
67,220,76,220,76,228,67,228,###
81,219,101,219,101,228,81,228,Car
106,219,132,219,132,228,106,228,Seat
138,225,141,225,141,225,138,225,###
148,219,173,219,173,228,148,228,Blue
25,247,48,247,48,256,25,256,Was
55,247,102,247,102,256,55,256,£230.10
26,265,63,265,63,277,26,277,NOW
71,265,130,265,130,277,71,277,£115.05
150,252,166,252,166,259,150,259,50%
171,252,185,252,185,259,171,259,Off
