15,15,111,15,111,34,15,34,Reduce,
120,19,193,19,193,34,120,34,reuse,
15,41,102,41,102,63,15,63,recycle
126,74,174,74,174,84,126,84,Recycled
149,88,174,88,174,98,149,98,Bags
229,146,293,146,293,154,229,154,Handcrafted
253,160,293,160,293,170,253,170,Jewelry
205,180,254,180,254,188,205,188,Reusable
205,194,240,194,240,202,205,202,Bottles
9,253,51,253,51,261,9,261,Bamboo
57,253,87,253,87,261,57,261,Bowls
211,219,243,219,243,233,211,233,world
246,221,258,221,258,233,246,233,###
229,231,287,231,287,253,229,253,good.com
262,245,287,245,287,261,262,261,ebay
