66,92,212,92,212,115,66,115,Tutorials
147,119,195,119,195,131,147,131,Now
232,56,319,56,319,73,232,73,FREE
232,80,372,80,372,99,232,99,ONLINE
383,80,576,80,576,98,383,98,TUTORIAL
233,105,280,105,280,116,233,116,from
287,105,326,105,326,116,287,116,IEEE
334,105,496,105,496,116,334,116,Communications
503,105,577,105,577,119,503,119,Society
234,121,575,121,575,134,234,134,www.comsoc.org/freetutorials
430,140,481,140,481,150,430,150,FREE
488,140,574,140,574,150,488,150,ACCESS
430,155,451,155,451,160,430,160,FOR
456,155,462,155,462,159,456,159,###
467,155,512,155,512,159,467,159,LIMITED
516,155,542,155,542,159,516,159,TIME
547,155,575,155,575,160,547,160,ONLY
110,493,520,493,520,532,110,532,COOPERATIVE
109,547,278,547,278,569,109,569,WIRELESS
291,547,521,547,521,569,291,569,NETWORKING
109,583,205,583,205,602,109,602,Originally
214,583,313,583,313,601,214,601,presented
323,585,341,585,341,598,323,598,###
349,584,393,584,393,598,349,598,IEEE
402,583,522,583,522,598,402,598,GLOBECOM
240,622,257,622,257,630,240,630,###
265,620,304,620,304,631,265,631,Click
311,621,327,621,327,631,311,631,###
334,621,390,621,390,632,334,632,Access
