6,22,25,22,25,33,6,33,New
30,17,39,17,39,24,30,24,###
42,9,65,9,65,22,42,22,2011
14,46,127,46,127,71,14,71,ONLINE
159,46,232,46,232,71,159,71,PLUS
235,44,245,44,245,49,235,49,###
37,83,127,83,127,96,37,96,publishing
139,83,206,83,206,94,139,94,evolved
19,116,44,116,44,126,19,126,Get
52,115,97,115,97,126,52,126,online
104,118,159,118,159,129,104,129,access,
166,115,228,115,228,127,166,127,abstract
20,136,60,136,60,149,20,149,book,
68,136,99,136,99,151,68,151,plus
105,136,187,136,187,148,105,148,interactive
193,137,219,137,219,148,193,148,CD.
