6,25,58,25,58,33,6,33,LATEST
5,38,59,38,59,48,5,48,NEWS...
98,8,143,8,143,17,98,17,AERO
193,7,215,7,215,15,193,15,4/4
222,8,247,8,247,16,222,16,and
256,8,275,8,275,15,256,15,###
306,7,395,7,395,16,306,16,ROADSTER
425,8,433,8,433,16,425,16,###
440,7,502,7,502,16,440,16,SEATER
558,7,603,7,603,15,558,15,AERO
657,7,737,7,737,15,657,15,AEROMAX
776,7,808,7,808,15,776,15,LIFE
815,7,846,7,846,16,815,16,CAR
877,7,976,7,976,16,877,16,SUPERSPORT
70,32,116,32,116,43,70,43,SUPER
119,32,171,32,171,43,119,43,SPORTS
